4.24835496665133 7.6321500521773 -1 1
5.62138288817039 2.56688699583496 -1 -1
0.0214527424627051 7.944072762138 -1 1
4.00540180754917 0.218118799285643 -1 -1
3.34880911928779 7.97122995620926 -1 1
2.18569353739376 3.6378094387679 -1 -1
2.12901959364161 6.13509326090681 -1 1
5.69261292748118 2.78697704295605 -1 -1
6.48358451129799 -1.12224716636787 -1 -1
-2.59116300098057 4.93863244730832 -1 -1
10.3884946581239 3.08275057413784 -1 1
8.14001164794427 3.74826829933182 -1 1
5.24683663823911 0.603740510028157 -1 -1
9.14575167004678 4.20910216265801 -1 1
-2.13738936365819 6.28671276556088 -1 -1
-2.88263655206635 5.30528693100923 -1 -1
4.16971384949037 3.29964005213217 -1 -1
6.36322765496963 5.58725556681785 -1 1
-0.748594818108445 12.3599951419224 -1 1
4.90898366619485 4.71129642187031 -1 1
9.46837459366133 2.06379244055143 -1 1
6.18459660395514 6.43308129250381 -1 1
1.52133540392037 4.5316283729731 -1 -1
-0.154405474995434 2.47335322243418 -1 -1
2.18243718169467 6.08543859960821 -1 1
0.300976882024683 7.36489502657891 -1 1
4.88972706130958 5.09783662901792 -1 1
3.98203697031605 5.5994585971324 -1 1
4.03657392968159 6.48255702271582 -1 1
-1.77006518801387 3.92190444544271 -1 -1
4.0625201335894 5.12962239438955 -1 1
3.59692048050517 1.75201559172115 -1 -1
1.43879106336007 8.23358495783782 -1 1
-1.28584675105705 4.76767300136165 -1 -1
10.8851515376383 3.74559231159672 -1 1
7.61989737599956 4.21911221698612 -1 1
4.58613592488409 1.52975044764461 -1 -1
3.41495504024770 5.4976074759698 -1 1
5.06435347348384 1.79188097737552 -1 -1
1.98104871380965 3.35326662773576 -1 -1
-3.9701298819553 7.37668313416468 -1 -1
5.36441576080448 2.20379678029156 -1 -1
-2.13272376142845 4.86965763763813 -1 -1
-0.790336232461726 12.1947646263760 -1 1
0.253711793640985 3.59780773001942 -1 -1
1.59884569827739 10.3074025343345 -1 1
4.36448998878448 4.99101091969436 -1 1
1.47332563511199 2.32450530387159 -1 -1
3.97197092061736 3.51594914016042 -1 -1
-2.14265773961709 9.38509633196837 -1 1
-0.567671538005743 3.29008158148403 -1 -1
-1.67290802020952 4.02660079602127 -1 -1
6.00654307109593 2.63401365384572 -1 -1
7.0773571270123 3.75231764259121 -1 1
3.852846827548 -0.407258971567956 -1 -1
4.66905765550815 -0.527621941759032 -1 -1
6.55937822754496 1.27359813821703 -1 -1
3.30026548969088 2.99905260095593 -1 -1
3.60471005550587 3.60163834360101 -1 -1
3.09295071075082 1.07293548771544 -1 -1
-2.45066123654754 5.52862310919645 -1 -1
6.28659890772542 -0.526296153494719 -1 -1
0.969543286080815 1.21924084989502 -1 -1
0.415744456713411 9.90888327206906 -1 1
3.38901739217849 9.68190483450676 -1 1
0.120989730602811 3.57406762354735 -1 -1
1.80146876155546 3.93302891138338 -1 -1
0.556938468302817 8.0059776464727 -1 1
3.78139373562352 8.25305630269934 -1 1
0.295293679312230 4.51226088106006 -1 -1
6.13722447507825 5.25788752351303 -1 1
2.50056475993883 8.52211462537563 -1 1
10.2226017362938 1.52751285298647 -1 1
-0.130499698658741 5.75030887414228 -1 -1
6.97030889621449 5.46684237777662 -1 1
16.4612557791697 2.88314264008161 -1 1
1.94962046679989 6.45889952217809 -1 1
7.96729374615183 3.29302181739871 -1 1
3.09649262116667 9.92452719032372 -1 1
-0.856762214255708 6.08693990934267 -1 -1
2.41966294683048 2.86262525415268 -1 -1
9.04391010724479 4.25168731389522 -1 1
3.23562507782441 4.1185293170826 -1 -1
-2.36747122045179 11.8279217546796 -1 1
5.48526033635722 6.49425869328593 -1 1
3.49962969470452 3.33840073654593 -1 -1
1.45187929520944 9.28602388827276 -1 1
5.14777367224761 2.99269235913127 -1 -1
6.22845130557139 8.54454881490017 -1 1
7.44212044566948 4.90345064693645 -1 1
-3.72415155511592 6.12203499923971 -1 -1
2.85614126246808 7.16776147438966 -1 1
-2.58264738988382 7.15716120557408 -1 -1
3.10953720704199 7.79935056021736 -1 1
6.44271010958827 -2.51494219366811 -1 -1
0.679788045952817 7.92523393783303 -1 1
-2.28024400525765 3.36920885201360 -1 -1
4.22645987526909 6.29146603093758 -1 1
1.97887490807412 2.73503461548365 -1 -1
7.11368325314694 -1.03904303273010 -1 -1
5.84560370629135 5.09518703527323 -1 1
1.74283658368179 3.93481625690608 -1 -1
5.87224689522966 6.06010487803912 -1 1
9.38033704426702 5.68836476623103 -1 1
7.64249359033222 3.4848608697504 -1 1
5.85406677641675 4.53709995142625 -1 1
0.103618722653966 4.80438222237847 -1 -1
4.99228144494641 3.08061928954693 -1 -1
7.35206316604785 7.45359890255272 -1 1
3.00362307222098 3.1401791950137 -1 -1
11.6061500026054 1.90202153659770 -1 1
1.98103464547107 4.85626453637718 -1 -1
-0.341074219806766 9.64683153204323 -1 1
4.02056895287908 3.39239804070303 -1 -1
4.71018114440526 7.33117615420274 -1 1
-1.76867811662501 6.9715720911942 -1 -1
0.457289439380614 0.882744662890177 -1 -1
0.163461732412239 5.59136221496218 -1 -1
-0.999894449912864 3.91723237182307 -1 -1
-3.98107984182877 3.57101234052196 -1 -1
8.23313323786976 5.46189982518914 -1 1
5.12082450725888 1.93795725265408 -1 -1
0.719940303795622 4.85637916109846 -1 -1
0.109405018458038 8.80237404006381 -1 1
0.564995604117931 3.09707633001110 -1 -1
4.01382333448671 1.76204303929188 -1 -1
6.68894571796858 1.18379420959412 -1 -1
0.428752457555162 -0.752396405124196 -1 -1
6.67149312198842 5.35570581698216 -1 1
-2.59335922147677 4.71774769260417 -1 -1
-2.97494297586262 14.4788675439039 -1 1
0.197568508411793 4.88863187048989 -1 -1
-0.306090003078714 9.2758714102901 -1 1
12.0020916936852 2.18169223572067 -1 1
3.33165067046462 1.35131311996564 -1 -1
6.27364790818811 1.97871020246366 -1 -1
2.91048944584941 1.53359633716892 -1 -1
2.79421394159917 2.07545306231958 -1 -1
4.70009718199662 8.780149135161 -1 1
-4.25184753075632 5.72182740400814 -1 -1
-3.71128691345983 7.41376532713711 -1 -1
-0.77560814860283 6.37299138931391 -1 -1
-1.87541242716730 6.74352643859513 -1 -1
0.368335083933205 -0.226597306659969 -1 -1
11.0226526715230 5.68502010461248 -1 1
2.72719462733158 6.52352386283782 -1 1
4.09365532821109 7.84958681429127 -1 1
3.14529717757234 3.10762652751854 -1 -1
10.2693875699403 1.92984723541143 -1 1
-3.19032935635872 6.36005513504064 -1 -1
5.17106556190524 0.53715306899718 -1 -1
5.98294161401227 1.93106794722857 -1 -1
6.85972389817092 3.67727440458848 -1 1
4.09430657402098 5.16038210897523 -1 1
0.327835883680041 4.47487399885824 -1 -1
2.84757910576243 9.21679169805534 -1 1
-1.7173964191513 4.98643103988677 -1 -1
0.186429545735372 6.0157484714316 -1 -1
0.472296023747395 4.80781552506935 -1 -1
-0.591227140986672 4.32733685682877 -1 -1
5.31403365713899 2.59229068599112 -1 -1
3.72958555229116 2.66961076586455 -1 -1
-2.36930954031332 6.97075862821392 -1 -1
3.79442640927552 6.07934937037785 -1 1
-4.10070915944917 6.41241163248594 -1 -1
3.63109158798576 7.18071895685598 -1 1
-4.93926248079204 8.32071162523224 -1 -1
11.2833234802263 -0.820821768929211 -1 -1
4.25820149185584 2.90365283189721 -1 -1
1.43784493207084 9.81385280080962 -1 1
3.01212265807566 4.29649461072223 -1 -1
-1.91433372095358 9.59639788324334 -1 1
-1.36066854957343 3.48581108272264 -1 -1
-0.655577409697901 8.77850866292957 -1 1
7.94302990593514 3.37743374567649 -1 1
3.10762168508693 7.24548565775958 -1 1
9.0154906064141 2.43882547586366 -1 1
3.12558962954791 4.11564888662669 -1 -1
1.83029504029026 4.46021199177724 -1 -1
2.72568470116942 3.08292429218019 -1 -1
8.66311306318447 3.16197409217688 -1 1
2.28186686201430 6.90294322676475 -1 1
6.3077314386427 7.75414753432116 -1 1
8.03573638754636 3.35874744746292 -1 1
4.22082962399796 1.85482775489270 -1 -1
1.59213554384987 7.09477966387692 -1 1
3.27097649525514 6.15367360205928 -1 1
1.53866006323820 6.9880818003647 -1 1
-0.841167472005432 10.0180597685962 -1 1
-0.786010755787638 5.60087495609405 -1 -1
1.79423471180385 6.90917161075767 -1 1
-5.20285791066546 5.69185538855215 -1 -1
-3.34040055233904 11.1856381866053 -1 1
-1.09699098584428 5.34041350141505 -1 -1
4.9497017655953 4.83845012440239 -1 1
6.25632177540042 3.97025437942146 -1 1
5.04158107915293 1.51796712838212 -1 -1
9.93896872182176 3.54925120769938 -1 1
-5.71774990362795 13.7945456749218 -1 1
1.62013981172107 4.57618078087261 -1 -1
