Training mit 15 Iterationen (NeuralGas)
Sprecheridentifikation mit insgesamt 5 sec Ausschnitt (zufällige Samples)
Sprecherreihenfolge: 1, 2, 3, 4, 5, 6, Dimitrij, Felix, Jonas, Manuel, Tobias
Dauer: 41 min

238	142	145	195	95	145	121	77	42	150	150	
72	251	138	134	114	192	129	87	64	179	140	
89	147	232	126	161	166	120	98	53	176	132	
84	92	184	458	116	85	105	72	30	197	77	
77	131	167	119	227	163	124	103	60	221	108	
88	236	95	106	94	334	103	94	55	161	134	
59	107	154	64	119	132	182	142	72	296	173	
47	57	124	94	129	138	186	146	54	315	210	
86	100	105	64	87	163	171	139	100	260	225	
32	91	166	68	65	93	189	115	65	416	200	
50	88	83	43	68	138	187	120	82	317	324
