Training mit 5 Iterationen (NeuralGas)
Sprecheridentifikation mit insgesamt 5 sec Ausschnitt (zufällige Samples)
Sprecherreihenfolge: 1, 2, 3, 4, 5, 6, Dimitrij, Felix, Jonas, Manuel, Tobias
Dauer: 13 min

218	110	163	136	159	175	131	93	73	89	153	
84	187	103	174	163	195	104	56	75	85	130	
62	123	239	218	183	191	113	63	75	90	143	
88	73	233	421	170	75	101	70	57	98	114	
83	137	156	202	253	153	127	85	81	95	128	
66	163	142	134	175	363	92	68	92	76	129	
76	64	109	112	197	141	219	116	100	117	249	
65	81	134	145	204	143	184	116	102	141	185	
74	98	123	117	203	153	152	75	127	128	250	
67	60	167	156	203	103	147	84	58	233	222	
73	81	88	86	216	153	180	116	73	119	315
