Training mit 15 Iterationen (NeuralGas)
Sprecheridentifikation mit dem gesagtem Ausschnitt
Sonstiges: EnergyLevel bei 80%
Sprecherreihenfolge: 1, 2, 3, 4, 5, 6, Dimitrij, Felix, Jonas, Manuel, Tobias
Dauer: 214 sec
Korrekt: 9 von 11 (???)

922	322	332	188	313	540	268	169	227	99	240	
284	1278	403	372	335	645	217	115	168	102	142	
265	389	858	453	348	238	225	180	120	129	203	
212	357	427	1504	255	244	163	144	111	217	114	
310	435	399	376	692	302	336	238	189	183	235	
1121	993	670	492	540	3373	521	269	670	274	632	
214	181	233	83	340	210	683	539	318	357	672	
132	137	275	153	218	206	451	692	384	392	741	
331	151	203	126	281	508	576	615	831	484	895	
196	246	352	210	272	257	487	583	358	910	561	
257	66	82	29	191	229	447	585	455	332	1328
