Training mit 5 Iterationen (NeuralGas)
Sprecheridentifikation mit insgesamt 25 sec Ausschnitt (zufällige Samples)
Sprecherreihenfolge: 1, 2, 3, 4, 5, 6, Dimitrij, Felix, Jonas, Manuel, Tobias
Dauer: 841 sec

1094	585		983		876		710		1248	355		188		238		515		708	
406		1382	776		887		553		1342	310		242		330		651		621	
197		380		729		486		413		547		167		125		155		323		354	
446		668		1165	1980	721		750		197		219		194		586		574	
466		794		863		962		963		969		471		295		335		756		626	
480		1014	846		549		598		1884	352		243		330		642		562	
309		498		664		566		758		905		748		557		458		1087	950	
293		435		684		647		723		920		551		723		489		1058	977	
412		520		673		491		611		1046	564		466		611		1033	1073	
206		610		745		612		591		805		491		486		504		1482	968	
329		413		512		360		651		1085	485		703		485		1122	1355
