Extraction: LPC
Training: Neural Gas, 10 Iterationen
Test: complete 3.wav
Other settings: no EnergyLevel
Speaker: 1, 2, 3, 4, 5, Tobias, Dimitrij, Felix, Jonas, Manuel
Duration: 174 sec

Detection one single frames (32ms):
718 (0,32)	250 (0,11)	150 (0,07)	76 (0,03)	227 (0,1)	165 (0,07)	165 (0,07)	151 (0,07)	206 (0,09)	155 (0,07)	
197 (0,08)	904 (0,36)	220 (0,09)	152 (0,06)	305 (0,12)	76 (0,03)	207 (0,08)	112 (0,04)	193 (0,08)	173 (0,07)	
164 (0,08)	287 (0,13)	536 (0,25)	177 (0,08)	225 (0,11)	125 (0,06)	185 (0,09)	174 (0,08)	101 (0,05)	156 (0,07)	
134 (0,06)	236 (0,1)	227 (0,1)	885 (0,38)	193 (0,08)	69 (0,03)	117 (0,05)	83 (0,04)	75 (0,03)	324 (0,14)	
197 (0,09)	233 (0,1)	205 (0,09)	161 (0,07)	529 (0,23)	111 (0,05)	262 (0,11)	233 (0,1)	139 (0,06)	240 (0,1)	
82 (0,03)	41 (0,02)	42 (0,02)	10 (0)	96 (0,04)	673 (0,27)	365 (0,15)	500 (0,2)	319 (0,13)	373 (0,15)	
85 (0,04)	86 (0,04)	83 (0,03)	37 (0,02)	200 (0,08)	244 (0,1)	636 (0,27)	423 (0,18)	206 (0,09)	394 (0,16)	
60 (0,03)	64 (0,03)	121 (0,05)	62 (0,03)	130 (0,05)	286 (0,12)	369 (0,16)	659 (0,28)	225 (0,1)	388 (0,16)	
159 (0,05)	111 (0,04)	77 (0,02)	42 (0,01)	144 (0,05)	466 (0,15)	379 (0,12)	472 (0,15)	701 (0,22)	575 (0,18)	
67 (0,02)	82 (0,03)	118 (0,04)	80 (0,03)	126 (0,05)	229 (0,08)	367 (0,13)	388 (0,14)	167 (0,06)	1147 (0,41)	
correct detections: 10 of 10

Detection on k frames, with k = totalFrames/10:
10 (0,91)	0 (0)		0 (0)		1 (0,09)	0 (0)		0 (0)		0 (0)		0 (0)		0 (0)		0 (0)	
0 (0)		11 (1)		0 (0)		0 (0)		0 (0)		0 (0)		0 (0)		0 (0)		0 (0)		0 (0)	
0 (0)		0 (0)		10 (1)		0 (0)		0 (0)		0 (0)		0 (0)		0 (0)		0 (0)		0 (0)	
0 (0)		0 (0)		0 (0)		11 (1)		0 (0)		0 (0)		0 (0)		0 (0)		0 (0)		0 (0)	
0 (0)		0 (0)		0 (0)		0 (0)		10 (1)		0 (0)		0 (0)		0 (0)		0 (0)		0 (0)	
0 (0)		0 (0)		0 (0)		0 (0)		0 (0)		10 (0,91)	1 (0,09)	0 (0)		0 (0)		0 (0)	
0 (0)		0 (0)		0 (0)		0 (0)		1 (0,09)	0 (0)		10 (0,91)	0 (0)		0 (0)		0 (0)	
0 (0)		0 (0)		0 (0)		0 (0)		0 (0)		0 (0)		0 (0)		11 (1)		0 (0)		0 (0)	
1 (0,09)	0 (0)		0 (0)		0 (0)		0 (0)		0 (0)		0 (0)		0 (0)		9 (0,82)	1 (0,09)	
0 (0)		0 (0)		0 (0)		0 (0)		0 (0)		0 (0)		0 (0)		1 (0,09)	0 (0)		10 (0,91)	
correct detections: 10 of 10
