Extraction: LPC
Training: Neural Gas, 10 Iterationen
Test: complete 3.wav
Other settings: no EnergyLevel
Speaker: 1, 2, 3, 4, 5, Tobias, Dimitrij, Felix, Jonas, Manuel
Duration: 173 sec

Detection one single frames (32ms):
678 (0,3)	273 (0,12)	163 (0,07)	77 (0,03)	201 (0,09)	165 (0,07)	185 (0,08)	146 (0,06)	210 (0,09)	165 (0,07)	
182 (0,07)	886 (0,35)	200 (0,08)	180 (0,07)	289 (0,11)	82 (0,03)	216 (0,09)	141 (0,06)	189 (0,07)	174 (0,07)	
123 (0,06)	297 (0,14)	530 (0,25)	219 (0,1)	243 (0,11)	105 (0,05)	181 (0,08)	169 (0,08)	81 (0,04)	182 (0,09)	
125 (0,05)	238 (0,1)	225 (0,1)	971 (0,41)	180 (0,08)	58 (0,02)	88 (0,04)	81 (0,03)	63 (0,03)	314 (0,13)	
183 (0,08)	260 (0,11)	233 (0,1)	176 (0,08)	485 (0,21)	129 (0,06)	277 (0,12)	229 (0,1)	135 (0,06)	203 (0,09)	
72 (0,03)	27 (0,01)	49 (0,02)	14 (0,01)	100 (0,04)	618 (0,25)	385 (0,15)	496 (0,2)	393 (0,16)	347 (0,14)	
75 (0,03)	77 (0,03)	113 (0,05)	39 (0,02)	186 (0,08)	244 (0,1)	640 (0,27)	456 (0,19)	223 (0,09)	341 (0,14)	
36 (0,02)	52 (0,02)	100 (0,04)	91 (0,04)	107 (0,05)	273 (0,12)	315 (0,13)	719 (0,3)	234 (0,1)	437 (0,18)	
159 (0,05)	89 (0,03)	75 (0,02)	40 (0,01)	159 (0,05)	479 (0,15)	386 (0,12)	516 (0,17)	673 (0,22)	550 (0,18)	
59 (0,02)	83 (0,03)	100 (0,04)	96 (0,03)	126 (0,05)	203 (0,07)	380 (0,14)	414 (0,15)	208 (0,08)	1102 (0,4)	
correct detections: 10 of 10

Detection on k frames, with k = totalFrames/10:
10 (0,91)	1 (0,09)	0 (0)		0 (0)		0 (0)		0 (0)		0 (0)		0 (0)		0 (0)		0 (0)	
0 (0)		11 (1)		0 (0)		0 (0)		0 (0)		0 (0)		0 (0)		0 (0)		0 (0)		0 (0)	
0 (0)		0 (0)		10 (1)		0 (0)		0 (0)		0 (0)		0 (0)		0 (0)		0 (0)		0 (0)	
0 (0)		0 (0)		0 (0)		11 (1)		0 (0)		0 (0)		0 (0)		0 (0)		0 (0)		0 (0)	
0 (0)		0 (0)		0 (0)		0 (0)		10 (1)		0 (0)		0 (0)		0 (0)		0 (0)		0 (0)	
0 (0)		0 (0)		0 (0)		0 (0)		0 (0)		8 (0,73)	0 (0)		3 (0,27)	0 (0)		0 (0)	
1 (0,09)	0 (0)		0 (0)		0 (0)		0 (0)		0 (0)		10 (0,91)	0 (0)		0 (0)		0 (0)	
0 (0)		0 (0)		0 (0)		0 (0)		0 (0)		0 (0)		0 (0)		11 (1)		0 (0)		0 (0)	
0 (0)		0 (0)		0 (0)		0 (0)		0 (0)		0 (0)		0 (0)		0 (0)		10 (0,91)	1 (0,09)	
0 (0)		0 (0)		0 (0)		0 (0)		0 (0)		0 (0)		0 (0)		0 (0)		1 (0,09)	10 (0,91)	
correct detections: 10 of 10

