Extraction: LPC
Training: Neural Gas, 10 Iterationen
Test: 2 seconds of 3.wav
Other settings: no EnergyLevel
Speaker: 1, 2, 3, 4, 5, Tobias, Dimitrij, Felix, Jonas, Manuel
Duration: 158 sec

Detection one single frames (32ms):
26 (0,42)	8 (0,13)	6 (0,1)		3 (0,05)	3 (0,05)	0 (0)		3 (0,05)	2 (0,03)	9 (0,15)	2 (0,03)	
4 (0,06)	18 (0,29)	4 (0,06)	5 (0,08)	7 (0,11)	3 (0,05)	11 (0,18)	1 (0,02)	4 (0,06)	5 (0,08)	
5 (0,08)	10 (0,16)	14 (0,23)	6 (0,1)		4 (0,06)	2 (0,03)	5 (0,08)	7 (0,11)	4 (0,06)	5 (0,08)	
5 (0,08)	7 (0,11)	11 (0,18)	25 (0,4)	0 (0)		0 (0)		3 (0,05)	2 (0,03)	2 (0,03)	7 (0,11)	
3 (0,05)	5 (0,08)	7 (0,11)	4 (0,06)	15 (0,24)	4 (0,06)	7 (0,11)	7 (0,11)	5 (0,08)	5 (0,08)	
4 (0,06)	0 (0)		2 (0,03)	0 (0)		3 (0,05)	15 (0,24)	9 (0,15)	12 (0,19)	7 (0,11)	10 (0,16)	
1 (0,02)	4 (0,06)	0 (0)		0 (0)		5 (0,08)	3 (0,05)	20 (0,32)	15 (0,24)	6 (0,1)		8 (0,13)	
1 (0,02)	1 (0,02)	4 (0,06)	3 (0,05)	3 (0,05)	9 (0,15)	6 (0,1)		21 (0,34)	5 (0,08)	9 (0,15)	
4 (0,06)	3 (0,05)	4 (0,06)	1 (0,02)	2 (0,03)	9 (0,15)	10 (0,16)	5 (0,08)	17 (0,27)	7 (0,11)	
3 (0,05)	3 (0,05)	2 (0,03)	4 (0,06)	2 (0,03)	1 (0,02)	14 (0,23)	9 (0,15)	6 (0,1)		18 (0,29)
correct detections: 10 of 10

Detection on k frames, with k = totalFrames/10:
8 (0,73)	1 (0,09)	1 (0,09)	0 (0)		0 (0)		0 (0)		1 (0,09)	0 (0)		0 (0)		0 (0)	
0 (0)		6 (0,55)	0 (0)		1 (0,09)	1 (0,09)	0 (0)		2 (0,18)	0 (0)		0 (0)		1 (0,09)	
0 (0)		2 (0,18)	5 (0,45)	2 (0,18)	1 (0,09)	0 (0)		0 (0)		0 (0)		0 (0)		1 (0,09)	
0 (0)		1 (0,09)	1 (0,09)	7 (0,64)	0 (0)		0 (0)		1 (0,09)	0 (0)		0 (0)		1 (0,09)	
0 (0)		3 (0,27)	2 (0,18)	1 (0,09)	3 (0,27)	1 (0,09)	0 (0)		0 (0)		0 (0)		1 (0,09)	
0 (0)		0 (0)		0 (0)		0 (0)		0 (0)		5 (0,45)	2 (0,18)	2 (0,18)	0 (0)		2 (0,18)	
0 (0)		1 (0,09)	0 (0)		0 (0)		0 (0)		0 (0)		6 (0,55)	4 (0,36)	0 (0)		0 (0)	
0 (0)		0 (0)		1 (0,09)	0 (0)		1 (0,09)	2 (0,18)	1 (0,09)	5 (0,45)	1 (0,09)	0 (0)	
1 (0,09)	1 (0,09)	0 (0)		0 (0)		0 (0)		3 (0,27)	2 (0,18)	1 (0,09)	2 (0,18)	1 (0,09)	
1 (0,09)	0 (0)		0 (0)		1 (0,09)	0 (0)		0 (0)		4 (0,36)	1 (0,09)	0 (0)		4 (0,36)
correct detections: 7 of 10
