Extraction: MFCC
Training: Neural Gas, 10 Iterationen
Test: 2 seconds of 3.wav
Other settings: no EnergyLevel
Speaker: 1, 2, 3, 4, 5, Tobias, Dimitrij, Felix, Jonas, Manuel
Duration: 171 sec

Detection one single frames (32ms):
41 (0,33)	9 (0,07)	12 (0,1)	6 (0,05)	7 (0,06)	8 (0,06)	10 (0,08)	9 (0,07)	11 (0,09)	11 (0,09)	
9 (0,07)	37 (0,3)	10 (0,08)	8 (0,06)	9 (0,07)	9 (0,07)	10 (0,08)	11 (0,09)	9 (0,07)	12 (0,1)	
17 (0,14)	11 (0,09)	53 (0,43)	13 (0,1)	7 (0,06)	3 (0,02)	3 (0,02)	7 (0,06)	3 (0,02)	7 (0,06)	
11 (0,09)	4 (0,03)	12 (0,1)	57 (0,46)	14 (0,11)	5 (0,04)	8 (0,06)	3 (0,02)	5 (0,04)	5 (0,04)	
6 (0,05)	11 (0,09)	2 (0,02)	13 (0,1)	61 (0,49)	5 (0,04)	9 (0,07)	9 (0,07)	2 (0,02)	6 (0,05)	
10 (0,08)	7 (0,06)	0 (0)		2 (0,02)	4 (0,03)	58 (0,47)	14 (0,11)	8 (0,06)	5 (0,04)	16 (0,13)	
7 (0,06)	4 (0,03)	9 (0,07)	2 (0,02)	6 (0,05)	12 (0,1)	50 (0,4)	14 (0,11)	3 (0,02)	17 (0,14)	
13 (0,1)	4 (0,03)	3 (0,02)	2 (0,02)	1 (0,01)	7 (0,06)	10 (0,08)	58 (0,47)	14 (0,11)	12 (0,1)	
5 (0,04)	3 (0,02)	3 (0,02)	2 (0,02)	4 (0,03)	10 (0,08)	10 (0,08)	16 (0,13)	51 (0,41)	20 (0,16)	
2 (0,02)	0 (0)		3 (0,02)	3 (0,02)	4 (0,03)	10 (0,08)	16 (0,13)	23 (0,19)	11 (0,09)	52 (0,42)	
correct detections: 10 of 10

Detection on k frames, with k = totalFrames/10:
9 (0,82)	0 (0)		0 (0)		0 (0)		0 (0)		0 (0)		0 (0)		0 (0)		1 (0,09)	1 (0,09)	
1 (0,09)	7 (0,64)	0 (0)		1 (0,09)	0 (0)		0 (0)		1 (0,09)	1 (0,09)	0 (0)		0 (0)	
1 (0,09)	0 (0)		9 (0,82)	0 (0)		0 (0)		0 (0)		0 (0)		0 (0)		0 (0)		1 (0,09)	
0 (0)		0 (0)		1 (0,09)	10 (0,91)	0 (0)		0 (0)		0 (0)		0 (0)		0 (0)		0 (0)	
0 (0)		0 (0)		0 (0)		1 (0,09)	10 (0,91)	0 (0)		0 (0)		0 (0)		0 (0)		0 (0)	
0 (0)		0 (0)		0 (0)		0 (0)		0 (0)		10 (0,91)	0 (0)		0 (0)		0 (0)		1 (0,09)	
0 (0)		0 (0)		1 (0,09)	0 (0)		0 (0)		1 (0,09)	8 (0,73)	1 (0,09)	0 (0)		0 (0)	
1 (0,09)	0 (0)		0 (0)		0 (0)		0 (0)		0 (0)		0 (0)		10 (0,91)	0 (0)		0 (0)	
0 (0)		0 (0)		0 (0)		0 (0)		0 (0)		0 (0)		1 (0,09)	0 (0)		8 (0,73)	2 (0,18)	
0 (0)		0 (0)		0 (0)		0 (0)		0 (0)		1 (0,09)	0 (0)		1 (0,09)	0 (0)		9 (0,82)	
correct detections: 10 of 10
