Extraction: MFCC
Training: Neural Gas, 10 Iterationen
Test: complete 3.wav
Other settings: no EnergyLevel
Speaker: 1, 2, 3, 4, 5, Tobias, Dimitrij, Felix, Jonas, Manuel
Duration: 224 sec

Detection one single frames (32ms):
1443 (0,32)	597 (0,13)	298 (0,07)	270 (0,06)	280 (0,06)	340 (0,08)	354 (0,08)	448 (0,1)	221 (0,05)	275 (0,06)	
465 (0,09)	1764 (0,35)	574 (0,11)	364 (0,07)	369 (0,07)	324 (0,06)	370 (0,07)	284 (0,06)	208 (0,04)	355 (0,07)	
415 (0,1)	468 (0,11)	1816 (0,43)	257 (0,06)	228 (0,05)	169 (0,04)	232 (0,05)	167 (0,04)	199 (0,05)	309 (0,07)	
471 (0,1)	447 (0,1)	284 (0,06)	2000 (0,43)	406 (0,09)	224 (0,05)	292 (0,06)	155 (0,03)	129 (0,03)	278 (0,06)	
406 (0,09)	527 (0,11)	220 (0,05)	365 (0,08)	1833 (0,4)	234 (0,05)	354 (0,08)	220 (0,05)	116 (0,03)	345 (0,07)	
241 (0,05)	249 (0,05)	108 (0,02)	109 (0,02)	170 (0,03)	1883 (0,38)	740 (0,15)	597 (0,12)	212 (0,04)	692 (0,14)	
234 (0,05)	204 (0,04)	146 (0,03)	165 (0,03)	212 (0,04)	621 (0,13)	1599 (0,33)	583 (0,12)	313 (0,07)	711 (0,15)	
289 (0,06)	163 (0,03)	111 (0,02)	76 (0,02)	120 (0,03)	303 (0,06)	540 (0,11)	2267 (0,48)	234 (0,05)	624 (0,13)	
298 (0,05)	194 (0,03)	149 (0,02)	116 (0,02)	212 (0,03)	389 (0,06)	629 (0,1)	671 (0,11)	2570 (0,41)	1024 (0,16)	
207 (0,04)	200 (0,04)	150 (0,03)	101 (0,02)	147 (0,03)	454 (0,08)	675 (0,12)	799 (0,14)	605 (0,11)	2203 (0,4)	
correct detections: 10 of 10

Detection on k frames, with k = totalFrames/10:
11 (1)		0 (0)		0 (0)		0 (0)		0 (0)		0 (0)		0 (0)		0 (0)		0 (0)	0 (0)	
0 (0)		11 (1)		0 (0)		0 (0)		0 (0)		0 (0)		0 (0)		0 (0)		0 (0)	0 (0)	
0 (0)		0 (0)		10 (1)		0 (0)		0 (0)		0 (0)		0 (0)		0 (0)		0 (0)	0 (0)	
0 (0)		0 (0)		0 (0)		11 (1)		0 (0)		0 (0)		0 (0)		0 (0)		0 (0)	0 (0)	
0 (0)		0 (0)		0 (0)		0 (0)		10 (1)		0 (0)		0 (0)		0 (0)		0 (0)	0 (0)	
0 (0)		0 (0)		0 (0)		0 (0)		0 (0)		11 (1)		0 (0)		0 (0)		0 (0)	0 (0)	
0 (0)		0 (0)		0 (0)		0 (0)		0 (0)		0 (0)		11 (1)		0 (0)		0 (0)	0 (0)	
0 (0)		0 (0)		0 (0)		0 (0)		0 (0)		0 (0)		0 (0)		11 (1)		0 (0)	0 (0)	
0 (0)		0 (0)		0 (0)		0 (0)		0 (0)		0 (0)		0 (0)		0 (0)		11 (1)	0 (0)	
0 (0)		0 (0)		0 (0)		0 (0)		0 (0)		1 (0,09)	0 (0)		0 (0)		0 (0)	10 (0,91)	
correct detections: 10 of 10
