Extraction: MFCC
Training: Neural Gas, 10 Iterationen
Test: complete 3.wav
Other settings: no EnergyLevel
Speaker: 1, 2, 3, 4, 5, Tobias, Dimitrij, Felix, Jonas, Manuel
Duration: 225 sec

Detection one single frames (32ms):
1423 (0,31)	426 (0,09)	272 (0,06)	300 (0,07)	452 (0,1)	370 (0,08)	356 (0,08)	431 (0,1)	215 (0,05)	281 (0,06)	
475 (0,09)	1600 (0,32)	554 (0,11)	327 (0,06)	482 (0,09)	305 (0,06)	364 (0,07)	331 (0,07)	256 (0,05)	383 (0,08)	
417 (0,1)	444 (0,1)	1709 (0,4)	247 (0,06)	281 (0,07)	185 (0,04)	221 (0,05)	211 (0,05)	227 (0,05)	318 (0,07)	
476 (0,1)	304 (0,06)	289 (0,06)	2002 (0,43)	472 (0,1)	203 (0,04)	318 (0,07)	189 (0,04)	132 (0,03)	301 (0,06)	
318 (0,07)	432 (0,09)	234 (0,05)	403 (0,09)	1969 (0,43)	244 (0,05)	375 (0,08)	215 (0,05)	134 (0,03)	296 (0,06)	
198 (0,04)	150 (0,03)	120 (0,02)	120 (0,02)	149 (0,03)	1960 (0,39)	794 (0,16)	622 (0,12)	235 (0,05)	653 (0,13)	
214 (0,04)	170 (0,04)	152 (0,03)	150 (0,03)	195 (0,04)	643 (0,13)	1648 (0,34)	635 (0,13)	318 (0,07)	663 (0,14)	
312 (0,07)	209 (0,04)	91 (0,02)	88 (0,02)	106 (0,02)	329 (0,07)	536 (0,11)	2214 (0,47)	208 (0,04)	634 (0,13)	
302 (0,05)	156 (0,02)	127 (0,02)	124 (0,02)	217 (0,03)	441 (0,07)	665 (0,11)	717 (0,11)	2432 (0,39)	1071 (0,17)	
185 (0,03)	179 (0,03)	106 (0,02)	107 (0,02)	148 (0,03)	497 (0,09)	733 (0,13)	856 (0,15)	615 (0,11)	2115 (0,38)		
correct detections: 10 of 10

Detection on k frames, with k = totalFrames/10:
11 (1)		0 (0)		0 (0)		0 (0)		0 (0)		0 (0)		0 (0)		0 (0)		0 (0)		0 (0)	
0 (0)		11 (1)		0 (0)		0 (0)		0 (0)		0 (0)		0 (0)		0 (0)		0 (0)		0 (0)	
0 (0)		0 (0)		10 (1)		0 (0)		0 (0)		0 (0)		0 (0)		0 (0)		0 (0)		0 (0)	
0 (0)		0 (0)		0 (0)		11 (1)		0 (0)		0 (0)		0 (0)		0 (0)		0 (0)		0 (0)	
0 (0)		0 (0)		0 (0)		0 (0)		10 (1)		0 (0)		0 (0)		0 (0)		0 (0)		0 (0)	
0 (0)		0 (0)		0 (0)		0 (0)		0 (0)		10 (0,91)	0 (0)		0 (0)		0 (0)		1 (0,09)	
0 (0)		0 (0)		0 (0)		0 (0)		0 (0)		1 (0,09)	10 (0,91)	0 (0)		0 (0)		0 (0)	
0 (0)		0 (0)		0 (0)		0 (0)		0 (0)		0 (0)		0 (0)		11 (1)		0 (0)		0 (0)	
0 (0)		0 (0)		0 (0)		0 (0)		0 (0)		0 (0)		0 (0)		0 (0)		10 (0,91)	1 (0,09)	
0 (0)		0 (0)		0 (0)		0 (0)		0 (0)		0 (0)		0 (0)		1 (0,09)	0 (0)		10 (0,91)	
correct detections: 10 of 10
