0 27.0739727413618 15.0332963783729 14.3178210632763 32.5576411921994 12.8062484748657 26.5706605111728 16.2788205960997 21.1896201004171 30.5286750449475 14.2126704035519 15.5241746962600 25.0798724079689 34.0587727318528 23.0217288664427 27.6586333718787 19.9248588451713 23.0867927612304 13.0384048104053 21.1896201004171 21.0237960416286 18.6815416922694 12.0830459735946 25.2982212813470 21.4709105535839 31.3049516849971 13.6014705087354 18.0277563773199 16.9705627484771 17.2626765016321
0 0 32.7566787083184 13.0384048104053 26.4764045897474 22.4722050542442 32.4499614791759 30 29.732137494637 30.0832179129827 19.4164878389476 13.4164078649987 4.47213595499958 24.0208242989286 5 20.8806130178211 11.3137084989848 35.3553390593274 14.0356688476182 11.4017542509914 34.7131099154196 11.4017542509914 25.5538646783613 10.4403065089106 27.0185121722126 16.0312195418814 27.4590604354920 28.3196045170126 20.5182845286832 11.1803398874990
0 0 0 23.4307490277200 24.6981780704569 10.295630140987 14.1421356237309 4.12310562561766 9.4339811320566 20.2484567313166 13.4164078649987 19.4164878389476 29.0688837074973 27.8926513619627 27.7848879788996 22.2036033111745 21.9317121994613 8.54400374531753 21.2602916254693 22.4722050542442 6.32455532033676 21.4709105535839 7.21110255092798 25.9615099714943 11.7046999107196 29.0172362570938 5.3851648071345 7.28010988928052 13.3416640641263 21.6333076527839
0 0 0 0 28.1602556806574 14.3178210632763 28.4429253066558 21.9544984001001 24.0416305603426 29.0688837074973 12.3693168768530 7.07106781186548 12.0830459735946 27.7308492477241 9.8488578017961 22.1359436211787 10.295630140987 28.6356421265527 2.23606797749979 11.6619037896906 27.2946881279124 8.94427190999916 16.6433169770932 14.8660687473185 22.3606797749979 22.0227155455452 18.8679622641132 21.540659228538 15.1327459504216 6.70820393249937
0 0 0 0 0 19.7989898732233 13.0384048104053 20.6155281280883 15.5241746962600 6.32455532033676 18.6010752377383 21.1896201004171 22.2036033111745 4.47213595499958 23.0217288664427 6.08276253029822 18.2482875908947 20.0249843945008 26.5706605111728 17.1172427686237 21.2132034355964 19.4164878389476 21.4009345590327 16.1245154965971 13 11.6619037896906 21.095023109729 17.4642491965730 15.6204993518133 21.5870331449229
0 0 0 0 0 0 15.0332963783729 7.81024967590665 10.0498756211209 17.8885438199983 3.16227766016838 9.21954445729289 18.7882942280559 21.6333076527839 17.4928556845359 15.2643375224738 11.7046999107196 14.3178210632763 12.0830459735946 12.3693168768530 13.0384048104053 11.1803398874990 3.16227766016838 16.1245154965971 9.21954445729289 20.3960780543711 5 7.28010988928052 4.47213595499958 11.4017542509914
0 0 0 0 0 0 0 10.8166538263920 5.3851648071345 7.07106781186548 16.1245154965971 21.8403296678416 28.0178514522438 17.2626765016321 27.7848879788996 13.8924439894498 21.4709105535839 7.28010988928052 26.3058928759318 21.095023109729 8.94427190999916 21.9317121994613 14.5602197785610 22.6715680975093 6.08276253029822 21.9544984001001 13 8.54400374531753 13.3416640641263 23.4093998214393
0 0 0 0 0 0 0 0 5.65685424949238 16.4012194668567 10.6301458127346 16.9705627484771 26.0768096208106 23.7697286480094 25 18.1107702762748 18.8679622641132 7.07106781186548 19.723082923316 19.2353840616713 5.3851648071345 18.6010752377383 5.3851648071345 22.4722050542442 7.61577310586391 25.0798724079689 3.16227766016838 3.16227766016838 9.8488578017961 19.1049731745428
0 0 0 0 0 0 0 0 0 10.8166538263920 11.7046999107196 17.8885438199983 25.4558441227157 19.1049731745428 24.8394846967484 14.1421356237309 18.4390889145858 5.8309518948453 21.8403296678416 18.3847763108502 6.08276253029822 18.6010752377383 9.21954445729289 20.8086520466848 3.16227766016838 21.8403296678416 7.61577310586391 3.16227766016838 9.4339811320566 19.723082923316
0 0 0 0 0 0 0 0 0 0 17.7200451466693 22.0227155455452 25.6320112359526 10.770329614269 25.9615099714943 9.4339811320566 20.2237484161567 14.3178210632763 27.1661554144122 19.4164878389476 15.8113883008419 21.095023109729 18.6010752377383 19.6977156035922 9.21954445729289 16.9705627484771 17.6918060129541 13.4536240470737 14.5602197785610 23.0217288664427
0 0 0 0 0 0 0 0 0 0 0 6.40312423743285 15.6524758424985 19.8494332412792 14.4222051018560 13.4536240470737 8.54400374531753 16.6433169770932 10.1980390271856 9.21954445729289 15.6204993518133 8.06225774829855 6.32455532033676 13.0384048104053 10.0498756211209 17.7200451466693 8.06225774829855 9.4339811320566 3.16227766016838 8.48528137423857
0 0 0 0 0 0 0 0 0 0 0 0 10.1980390271856 21.095023109729 8.54400374531753 15.2315462117278 4.47213595499958 23.0217288664427 5.3851648071345 5.8309518948453 22.0227155455452 3.16227766016838 12.2065556157337 9.8488578017961 15.8113883008419 16.4012194668567 14.2126704035519 15.8113883008419 8.54400374531753 2.23606797749979
0 0 0 0 0 0 0 0 0 0 0 0 0 20.0249843945008 2.23606797749979 16.4924225024706 7.21110255092798 31.1448230047949 12.3693168768530 7.07106781186548 30.6104557300279 7.61577310586391 21.9317121994613 6.08276253029822 22.6715680975093 12.3693168768530 23.7065391822594 24.2074368738204 16.4012194668567 8.06225774829855
0 0 0 0 0 0 0 0 0 0 0 0 0 0 21.2132034355964 6.40312423743285 17.4642491965730 24.0208242989286 26.4196896272458 16.1554944214035 25.0199920063936 18.7882942280559 23.7065391822594 14.1421356237309 16.2788205960997 8.24621125123532 23.7697286480094 20.6155281280883 17.2046505340852 21.0237960416286
0 0 0 0 0 0 0 0 0 0 0 0 0 0 0 17.1172427686237 6.40312423743285 30.4138126514911 10.1980390271856 6.70820393249937 29.732137494637 6.40312423743285 20.591260281974 7.07106781186548 22.2036033111745 13.9283882771841 22.4722050542442 23.3452350598575 15.5563491861041 6.32455532033676
0 0 0 0 0 0 0 0 0 0 0 0 0 0 0 0 12.1655250605964 19.6468827043885 20.6155281280883 11.0453610171873 20.2237484161567 13.3416640641263 17.4642491965730 10.4403065089106 11.0453610171873 8.06225774829855 17.7200451466693 15.0332963783729 10.8166538263920 15.5241746962600
0 0 0 0 0 0 0 0 0 0 0 0 0 0 0 0 0 24.0416305603426 9.21954445729289 1.41421356237309 23.4307490277200 1.41421356237309 14.8660687473185 5.3851648071345 15.8113883008419 12.0415945787923 16.5529453572468 17.0293863659264 9.21954445729289 3.60555127546399
0 0 0 0 0 0 0 0 0 0 0 0 0 0 0 0 0 0 26.4007575648882 24.0831891575846 2.23606797749979 24.0831891575846 12.3693168768530 26.6270539113887 8.94427190999916 27.5136329843952 10.1980390271856 7.21110255092798 14.8660687473185 25
0 0 0 0 0 0 0 0 0 0 0 0 0 0 0 0 0 0 0 10.6301458127346 25.0599281722833 7.81024967590665 14.4222051018560 14.2126704035519 20.2237484161567 21.2132034355964 16.6433169770932 19.3132079158280 13.0384048104053 5.65685424949238
0 0 0 0 0 0 0 0 0 0 0 0 0 0 0 0 0 0 0 0 23.6008474424119 2.82842712474619 15.5241746962600 4.12310562561766 15.6204993518133 10.6301458127346 17.0880074906351 17.2046505340852 9.4339811320566 5
0 0 0 0 0 0 0 0 0 0 0 0 0 0 0 0 0 0 0 0 0 23.3452350598575 10.770329614269 26.4196896272458 9.21954445729289 27.8926513619627 8.54400374531753 6.40312423743285 14.2126704035519 24.0831891575846
0 0 0 0 0 0 0 0 0 0 0 0 0 0 0 0 0 0 0 0 0 0 14.3178210632763 6.70820393249937 16.1245154965971 13.4536240470737 16.1245154965971 16.9705627484771 9.21954445729289 2.23606797749979
0 0 0 0 0 0 0 0 0 0 0 0 0 0 0 0 0 0 0 0 0 0 0 19.2353840616713 9.4339811320566 23.1948270094864 2.23606797749979 6.08276253029822 7.07106781186548 14.4222051018560
0 0 0 0 0 0 0 0 0 0 0 0 0 0 0 0 0 0 0 0 0 0 0 0 17.8044938147649 7.21110255092798 20.6155281280883 20.1246117974981 12.6491106406735 8.60232526704263
0 0 0 0 0 0 0 0 0 0 0 0 0 0 0 0 0 0 0 0 0 0 0 0 0 18.6815416922694 8.48528137423857 4.47213595499958 7.28010988928052 17.4642491965730
0 0 0 0 0 0 0 0 0 0 0 0 0 0 0 0 0 0 0 0 0 0 0 0 0 0 24.0208242989286 22.2036033111745 16.1245154965971 15.5563491861041
0 0 0 0 0 0 0 0 0 0 0 0 0 0 0 0 0 0 0 0 0 0 0 0 0 0 0 4.47213595499958 8.06225774829855 16.4012194668567
0 0 0 0 0 0 0 0 0 0 0 0 0 0 0 0 0 0 0 0 0 0 0 0 0 0 0 0 7.81024967590665 17.8044938147649
0 0 0 0 0 0 0 0 0 0 0 0 0 0 0 0 0 0 0 0 0 0 0 0 0 0 0 0 0 10.295630140987
0 0 0 0 0 0 0 0 0 0 0 0 0 0 0 0 0 0 0 0 0 0 0 0 0 0 0 0 0 0
