0 9.05538513813742 8.06225774829855 5.09901951359278 7.61577310586391 6.32455532033676 3.60555127546399 4.47213595499958 7.81024967590665 8.06225774829855
0 0 2.23606797749979 8.94427190999916 2.82842712474619 4.24264068711928 6.08276253029822 7.61577310586391 6.40312423743285 7.81024967590665
0 0 0 9.21954445729289 4.12310562561766 2.23606797749979 5.8309518948453 7.81024967590665 7.61577310586391 8.94427190999916
0 0 0 0 6.32455532033676 8.60232526704263 3.60555127546399 1.41421356237309 4.12310562561766 3.60555127546399
0 0 0 0 0 5.09901951359278 4.12310562561766 5.09901951359278 3.60555127546399 5
0 0 0 0 0 0 5 7.21110255092798 8.06225774829855 9.21954445729289
0 0 0 0 0 0 0 2.23606797749979 4.47213595499958 5.09901951359278
0 0 0 0 0 0 0 0 3.60555127546399 3.60555127546399
0 0 0 0 0 0 0 0 0 1.41421356237309
0 0 0 0 0 0 0 0 0 0
