0 8.06225774829855 15.6524758424985 11.6619037896906 14.8660687473185 17.0293863659264 17.0293863659264 13.0384048104053 12.6491106406735 3.60555127546399 12.1655250605964 16.2788205960997 2.82842712474619 9.21954445729289 5 13.4536240470737 8.94427190999916 11.0453610171873 17.4928556845359 15.8113883008419
0 0 15.0332963783729 7.28010988928052 8.48528137423857 14.3178210632763 19.3132079158280 5.3851648071345 17.6918060129541 7.21110255092798 4.12310562561766 17.7200451466693 10.4403065089106 8.24621125123532 12.0830459735946 11.0453610171873 9.8488578017961 15 12.2065556157337 16.2788205960997
0 0 0 8.54400374531753 11.4017542509914 4.12310562561766 6.70820393249937 14.3178210632763 11.1803398874990 12.0830459735946 16.7630546142402 4.47213595499958 15 7.07106781186548 14.1421356237309 4.47213595499958 6.70820393249937 8.54400374531753 9.4339811320566 2.23606797749979
0 0 0 0 4.12310562561766 7.07106781186548 14.2126704035519 5.8309518948453 15.2315462117278 8.54400374531753 8.24621125123532 12.2065556157337 12.6491106406735 4.12310562561766 13.1529464379659 4.12310562561766 6.32455532033676 12.0830459735946 5.8309518948453 10.295630140987
0 0 0 0 0 8.54400374531753 17.6918060129541 4.12310562561766 19.3132079158280 12.1655250605964 7.28010988928052 15.5563491861041 16.2788205960997 8.24621125123532 17.0293863659264 7.07106781186548 10.4403065089106 16.1554944214035 4.12310562561766 13.4536240470737
0 0 0 0 0 0 10.770329614269 12.1655250605964 15.0332963783729 13.4536240470737 15.0332963783729 8.54400374531753 17.0293863659264 7.81024967590665 16.6433169770932 3.60555127546399 8.60232526704263 12.1655250605964 5.65685424949238 6.32455532033676
0 0 0 0 0 0 0 20 7.07106781186548 14.0356688476182 21.9544984001001 2.23606797749979 15.2970585407784 11.1803398874990 13.6014705087354 10.6301458127346 9.48683298050514 6.32455532033676 16.1245154965971 4.47213595499958
0 0 0 0 0 0 0 0 20.2484567313166 11.1803398874990 3.16227766016838 18.0277563773199 15.0332963783729 9.21954445729289 16.2788205960997 9.8488578017961 11.4017542509914 17.2046505340852 8.24621125123532 16.1245154965971
0 0 0 0 0 0 0 0 0 10.8166538263920 21.2602916254693 8.06225774829855 10.1980390271856 11.1803398874990 8.06225774829855 13.1529464379659 8.94427190999916 3.16227766016838 19.2353840616713 9.48683298050514
0 0 0 0 0 0 0 0 0 0 11.1803398874990 13.0384048104053 4.12310562561766 5.65685424949238 5.09901951359278 9.89949493661167 5.3851648071345 8.54400374531753 14.3178210632763 12.3693168768530
0 0 0 0 0 0 0 0 0 0 0 20.1246117974981 14.5602197785610 10.8166538263920 16.1554944214035 12.3693168768530 12.8062484748657 18.3847763108502 11.4017542509914 18.3847763108502
0 0 0 0 0 0 0 0 0 0 0 0 14.8660687473185 9.48683298050514 13.4164078649987 8.48528137423857 8.06225774829855 6.40312423743285 13.8924439894498 2.23606797749979
0 0 0 0 0 0 0 0 0 0 0 0 0 9.4339811320566 2.23606797749979 13.6014705087354 8.48528137423857 9.05538513813742 18.3847763108502 14.7648230602334
0 0 0 0 0 0 0 0 0 0 0 0 0 0 9.48683298050514 4.24264068711928 2.23606797749979 8.06225774829855 9.21954445729289 8.06225774829855
0 0 0 0 0 0 0 0 0 0 0 0 0 0 0 13.4164078649987 8.06225774829855 7.28010988928052 18.6815416922694 13.6014705087354
0 0 0 0 0 0 0 0 0 0 0 0 0 0 0 0 5.3851648071345 10.0498756211209 6.08276253029822 6.40312423743285
0 0 0 0 0 0 0 0 0 0 0 0 0 0 0 0 0 5.8309518948453 11.0453610171873 7.07106781186548
0 0 0 0 0 0 0 0 0 0 0 0 0 0 0 0 0 0 16.1245154965971 7.21110255092798
0 0 0 0 0 0 0 0 0 0 0 0 0 0 0 0 0 0 0 11.6619037896906
0 0 0 0 0 0 0 0 0 0 0 0 0 0 0 0 0 0 0 0
